"""Xiao--Gimbutas quadrature rule."""

import numpy as np
import numpy.typing as npt
from quadraturerules.domain import Domain
import typing


def xiao_gimbutas(
    domain: Domain,
    order: int,
) -> typing.Tuple[npt.NDArray[np.float64], npt.NDArray[np.float64]]:
    """Get a Xiao--Gimbutas quadrature rule."""
    match domain:
        case Domain.Interval:
            match order:
                case _:
                    raise ValueError(f"Invalid order: {order}")
        case Domain.Quadrilateral:
            match order:
                case _:
                    raise ValueError(f"Invalid order: {order}")
        case Domain.EdgeAdjacentQuadrilaterals:
            match order:
                case _:
                    raise ValueError(f"Invalid order: {order}")
        case Domain.VertexAdjacentQuadrilaterals:
            match order:
                case _:
                    raise ValueError(f"Invalid order: {order}")
        case Domain.Triangle:
            match order:
                case 1:
                    return np.array(
                        [[0.33333333333333337, 0.3333333333333333, 0.3333333333333333]]
                    ), np.array([1.0])
                case 2:
                    return np.array(
                        [
                            [0.6666666666666667, 0.16666666666666666, 0.16666666666666666],
                            [0.16666666666666663, 0.16666666666666666, 0.6666666666666667],
                            [0.16666666666666663, 0.6666666666666667, 0.16666666666666666],
                        ]
                    ), np.array([0.3333333333333333, 0.3333333333333333, 0.3333333333333333])
                case 3:
                    return np.array(
                        [
                            [0.10810301816807022, 0.4459484909159649, 0.4459484909159649],
                            [0.8168475729804583, 0.09157621350977085, 0.09157621350977085],
                            [0.4459484909159649, 0.4459484909159649, 0.10810301816807022],
                            [0.09157621350977085, 0.09157621350977085, 0.8168475729804583],
                            [0.4459484909159649, 0.10810301816807022, 0.4459484909159649],
                            [0.09157621350977085, 0.8168475729804583, 0.09157621350977085],
                        ]
                    ), np.array(
                        [
                            0.22338158967801147,
                            0.10995174365532188,
                            0.22338158967801147,
                            0.10995174365532188,
                            0.22338158967801147,
                            0.10995174365532188,
                        ]
                    )
                case 4:
                    return np.array(
                        [
                            [0.10810301816807022, 0.4459484909159649, 0.4459484909159649],
                            [0.8168475729804583, 0.09157621350977085, 0.09157621350977085],
                            [0.4459484909159649, 0.4459484909159649, 0.10810301816807022],
                            [0.09157621350977085, 0.09157621350977085, 0.8168475729804583],
                            [0.4459484909159649, 0.10810301816807022, 0.4459484909159649],
                            [0.09157621350977085, 0.8168475729804583, 0.09157621350977085],
                        ]
                    ), np.array(
                        [
                            0.22338158967801147,
                            0.10995174365532188,
                            0.22338158967801147,
                            0.10995174365532188,
                            0.22338158967801147,
                            0.10995174365532188,
                        ]
                    )
                case 5:
                    return np.array(
                        [
                            [0.33333333333333337, 0.3333333333333333, 0.3333333333333333],
                            [0.7974269853530872, 0.1012865073234564, 0.1012865073234564],
                            [0.05971587178976989, 0.47014206410511505, 0.47014206410511505],
                            [0.10128650732345634, 0.1012865073234564, 0.7974269853530872],
                            [0.47014206410511505, 0.47014206410511505, 0.05971587178976989],
                            [0.10128650732345634, 0.7974269853530872, 0.1012865073234564],
                            [0.47014206410511505, 0.05971587178976989, 0.47014206410511505],
                        ]
                    ), np.array(
                        [
                            0.225,
                            0.12593918054482714,
                            0.1323941527885062,
                            0.12593918054482714,
                            0.1323941527885062,
                            0.12593918054482714,
                            0.1323941527885062,
                        ]
                    )
                case 6:
                    return np.array(
                        [
                            [0.561140034900434, 0.21942998254978302, 0.21942998254978302],
                            [0.039724071775569914, 0.48013796411221504, 0.48013796411221504],
                            [0.21942998254978296, 0.21942998254978302, 0.561140034900434],
                            [0.480137964112215, 0.48013796411221504, 0.039724071775569914],
                            [0.21942998254978296, 0.561140034900434, 0.21942998254978302],
                            [0.480137964112215, 0.039724071775569914, 0.48013796411221504],
                            [0.8390092597147911, 0.019371724361240805, 0.14161901592396814],
                            [0.14161901592396808, 0.8390092597147911, 0.019371724361240805],
                            [0.019371724361240794, 0.14161901592396814, 0.8390092597147911],
                            [0.8390092597147911, 0.14161901592396814, 0.019371724361240805],
                            [0.019371724361240794, 0.8390092597147911, 0.14161901592396814],
                            [0.14161901592396808, 0.019371724361240805, 0.8390092597147911],
                        ]
                    ), np.array(
                        [
                            0.17133312415298105,
                            0.08073108959303098,
                            0.17133312415298105,
                            0.08073108959303098,
                            0.17133312415298105,
                            0.08073108959303098,
                            0.04063455979366066,
                            0.04063455979366066,
                            0.04063455979366066,
                            0.04063455979366066,
                            0.04063455979366066,
                            0.04063455979366066,
                        ]
                    )
                case 7:
                    return np.array(
                        [
                            [0.05360869262149792, 0.47319565368925104, 0.47319565368925104],
                            [0.884404719890987, 0.057797640054506494, 0.057797640054506494],
                            [0.5166727872055051, 0.24166360639724743, 0.24166360639724743],
                            [0.473195653689251, 0.47319565368925104, 0.05360869262149792],
                            [0.057797640054506494, 0.057797640054506494, 0.884404719890987],
                            [0.2416636063972475, 0.24166360639724743, 0.5166727872055051],
                            [0.473195653689251, 0.05360869262149792, 0.47319565368925104],
                            [0.057797640054506494, 0.884404719890987, 0.057797640054506494],
                            [0.2416636063972475, 0.5166727872055051, 0.24166360639724743],
                            [0.6936897820041288, 0.046971206130085534, 0.2593390118657857],
                            [0.2593390118657857, 0.6936897820041288, 0.046971206130085534],
                            [0.04697120613008554, 0.2593390118657857, 0.6936897820041288],
                            [0.6936897820041288, 0.2593390118657857, 0.046971206130085534],
                            [0.04697120613008554, 0.6936897820041288, 0.2593390118657857],
                            [0.2593390118657857, 0.046971206130085534, 0.6936897820041288],
                        ]
                    ), np.array(
                        [
                            0.05318083329676046,
                            0.04091817039405687,
                            0.12772524856113385,
                            0.05318083329676046,
                            0.04091817039405687,
                            0.12772524856113385,
                            0.05318083329676046,
                            0.04091817039405687,
                            0.12772524856113385,
                            0.055754540540691094,
                            0.055754540540691094,
                            0.055754540540691094,
                            0.055754540540691094,
                            0.055754540540691094,
                            0.055754540540691094,
                        ]
                    )
                case 8:
                    return np.array(
                        [
                            [0.33333333333333337, 0.3333333333333333, 0.3333333333333333],
                            [0.6588613844964795, 0.17056930775176027, 0.17056930775176027],
                            [0.08141482341455375, 0.4592925882927231, 0.4592925882927231],
                            [0.8989055433659379, 0.05054722831703107, 0.05054722831703107],
                            [0.17056930775176027, 0.17056930775176027, 0.6588613844964795],
                            [0.4592925882927231, 0.4592925882927231, 0.08141482341455375],
                            [0.05054722831703107, 0.05054722831703107, 0.8989055433659379],
                            [0.17056930775176027, 0.6588613844964795, 0.17056930775176027],
                            [0.4592925882927231, 0.08141482341455375, 0.4592925882927231],
                            [0.05054722831703107, 0.8989055433659379, 0.05054722831703107],
                            [0.7284923929554042, 0.008394777409957675, 0.26311282963463806],
                            [0.263112829634638, 0.7284923929554044, 0.008394777409957675],
                            [0.008394777409957532, 0.26311282963463806, 0.7284923929554044],
                            [0.7284923929554042, 0.26311282963463806, 0.008394777409957675],
                            [0.008394777409957532, 0.7284923929554044, 0.26311282963463806],
                            [0.263112829634638, 0.008394777409957675, 0.7284923929554044],
                        ]
                    ), np.array(
                        [
                            0.1443156076777872,
                            0.10321737053471824,
                            0.09509163426728463,
                            0.03245849762319808,
                            0.10321737053471824,
                            0.09509163426728463,
                            0.03245849762319808,
                            0.10321737053471824,
                            0.09509163426728463,
                            0.03245849762319808,
                            0.027230314174434996,
                            0.027230314174434996,
                            0.027230314174434996,
                            0.027230314174434996,
                            0.027230314174434996,
                            0.027230314174434996,
                        ]
                    )
                case 9:
                    return np.array(
                        [
                            [0.33333333333333337, 0.3333333333333333, 0.3333333333333333],
                            [0.02063496160252476, 0.4896825191987376, 0.4896825191987376],
                            [0.6235929287619344, 0.1882035356190328, 0.1882035356190328],
                            [0.12582081701412673, 0.43708959149293664, 0.43708959149293664],
                            [0.9105409732110945, 0.04472951339445275, 0.04472951339445275],
                            [0.4896825191987376, 0.4896825191987376, 0.02063496160252476],
                            [0.1882035356190328, 0.1882035356190328, 0.6235929287619344],
                            [0.4370895914929367, 0.43708959149293664, 0.12582081701412673],
                            [0.04472951339445275, 0.04472951339445275, 0.9105409732110945],
                            [0.4896825191987376, 0.02063496160252476, 0.4896825191987376],
                            [0.1882035356190328, 0.6235929287619344, 0.1882035356190328],
                            [0.4370895914929367, 0.12582081701412673, 0.43708959149293664],
                            [0.04472951339445275, 0.9105409732110945, 0.04472951339445275],
                            [0.741198598784498, 0.0368384120547363, 0.2219629891607657],
                            [0.22196298916076573, 0.741198598784498, 0.0368384120547363],
                            [0.03683841205473626, 0.2219629891607657, 0.741198598784498],
                            [0.741198598784498, 0.2219629891607657, 0.0368384120547363],
                            [0.03683841205473626, 0.741198598784498, 0.2219629891607657],
                            [0.22196298916076573, 0.0368384120547363, 0.741198598784498],
                        ]
                    ), np.array(
                        [
                            0.09713579628279884,
                            0.03133470022713907,
                            0.07964773892721026,
                            0.07782754100477428,
                            0.025577675658698035,
                            0.03133470022713907,
                            0.07964773892721026,
                            0.07782754100477428,
                            0.025577675658698035,
                            0.03133470022713907,
                            0.07964773892721026,
                            0.07782754100477428,
                            0.025577675658698035,
                            0.043283539377289376,
                            0.043283539377289376,
                            0.043283539377289376,
                            0.043283539377289376,
                            0.043283539377289376,
                            0.043283539377289376,
                        ]
                    )
                case 10:
                    return np.array(
                        [
                            [0.33333333333333337, 0.3333333333333333, 0.3333333333333333],
                            [0.009653080397658997, 0.4951734598011705, 0.4951734598011705],
                            [0.9617211695143174, 0.019139415242841296, 0.019139415242841296],
                            [0.6310299746295069, 0.18448501268524653, 0.18448501268524653],
                            [0.14353035811256232, 0.42823482094371884, 0.42823482094371884],
                            [0.49517345980117056, 0.4951734598011705, 0.009653080397658997],
                            [0.01913941524284124, 0.019139415242841296, 0.9617211695143174],
                            [0.18448501268524653, 0.18448501268524653, 0.6310299746295069],
                            [0.4282348209437188, 0.42823482094371884, 0.14353035811256232],
                            [0.49517345980117056, 0.009653080397658997, 0.4951734598011705],
                            [0.01913941524284124, 0.9617211695143174, 0.019139415242841296],
                            [0.18448501268524653, 0.6310299746295069, 0.18448501268524653],
                            [0.4282348209437188, 0.14353035811256232, 0.42823482094371884],
                            [0.8315416244168035, 0.03472362048232748, 0.13373475510086913],
                            [0.6357241363774715, 0.03758272734119169, 0.3266931362813369],
                            [0.13373475510086907, 0.8315416244168035, 0.03472362048232748],
                            [0.3266931362813369, 0.6357241363774714, 0.03758272734119169],
                            [0.034723620482327355, 0.13373475510086913, 0.8315416244168035],
                            [0.037582727341191724, 0.3266931362813369, 0.6357241363774714],
                            [0.8315416244168035, 0.13373475510086913, 0.03472362048232748],
                            [0.6357241363774715, 0.3266931362813369, 0.03758272734119169],
                            [0.034723620482327355, 0.8315416244168035, 0.13373475510086913],
                            [0.037582727341191724, 0.6357241363774714, 0.3266931362813369],
                            [0.13373475510086907, 0.03472362048232748, 0.8315416244168035],
                            [0.3266931362813369, 0.03758272734119169, 0.6357241363774714],
                        ]
                    ), np.array(
                        [
                            0.08361487437397393,
                            0.009792590498418303,
                            0.006385359230118654,
                            0.07863376974637727,
                            0.07524732796854398,
                            0.009792590498418303,
                            0.006385359230118654,
                            0.07863376974637727,
                            0.07524732796854398,
                            0.009792590498418303,
                            0.006385359230118654,
                            0.07863376974637727,
                            0.07524732796854398,
                            0.028962281463256342,
                            0.038739049086018905,
                            0.028962281463256342,
                            0.038739049086018905,
                            0.028962281463256342,
                            0.038739049086018905,
                            0.028962281463256342,
                            0.038739049086018905,
                            0.028962281463256342,
                            0.038739049086018905,
                            0.028962281463256342,
                            0.038739049086018905,
                        ]
                    )
                case 11:
                    return np.array(
                        [
                            [0.33333333333333337, 0.3333333333333333, 0.3333333333333333],
                            [0.9383062087288238, 0.030846895635588123, 0.030846895635588123],
                            [0.0024396696430785125, 0.49878016517846074, 0.49878016517846074],
                            [0.7735843454266119, 0.11320782728669404, 0.11320782728669404],
                            [0.12668996721364778, 0.4366550163931761, 0.4366550163931761],
                            [0.5710330827614613, 0.21448345861926937, 0.21448345861926937],
                            [0.030846895635588067, 0.030846895635588123, 0.9383062087288238],
                            [0.4987801651784607, 0.49878016517846074, 0.0024396696430785125],
                            [0.1132078272866941, 0.11320782728669404, 0.7735843454266119],
                            [0.43665501639317617, 0.4366550163931761, 0.12668996721364778],
                            [0.21448345861926943, 0.21448345861926937, 0.5710330827614613],
                            [0.030846895635588067, 0.9383062087288238, 0.030846895635588123],
                            [0.4987801651784607, 0.0024396696430785125, 0.49878016517846074],
                            [0.1132078272866941, 0.7735843454266119, 0.11320782728669404],
                            [0.43665501639317617, 0.12668996721364778, 0.4366550163931761],
                            [0.21448345861926943, 0.5710330827614613, 0.21448345861926937],
                            [0.8263297175927509, 0.014366662569555624, 0.1593036198376935],
                            [0.6417047167143861, 0.04766406697215078, 0.31063121631346313],
                            [0.15930361983769348, 0.8263297175927509, 0.014366662569555624],
                            [0.31063121631346313, 0.6417047167143861, 0.04766406697215078],
                            [0.014366662569555655, 0.1593036198376935, 0.8263297175927509],
                            [0.047664066972150754, 0.31063121631346313, 0.6417047167143861],
                            [0.8263297175927509, 0.1593036198376935, 0.014366662569555624],
                            [0.6417047167143861, 0.31063121631346313, 0.04766406697215078],
                            [0.014366662569555655, 0.8263297175927509, 0.1593036198376935],
                            [0.047664066972150754, 0.6417047167143861, 0.31063121631346313],
                            [0.15930361983769348, 0.014366662569555624, 0.8263297175927509],
                            [0.31063121631346313, 0.04766406697215078, 0.6417047167143861],
                        ]
                    ), np.array(
                        [
                            0.08144513470935129,
                            0.012249296950707964,
                            0.012465491873881381,
                            0.04012924238130832,
                            0.06309487215989869,
                            0.06784510774369515,
                            0.012249296950707964,
                            0.012465491873881381,
                            0.04012924238130832,
                            0.06309487215989869,
                            0.06784510774369515,
                            0.012249296950707964,
                            0.012465491873881381,
                            0.04012924238130832,
                            0.06309487215989869,
                            0.06784510774369515,
                            0.014557623337809246,
                            0.04064284865588647,
                            0.014557623337809246,
                            0.04064284865588647,
                            0.014557623337809246,
                            0.04064284865588647,
                            0.014557623337809246,
                            0.04064284865588647,
                            0.014557623337809246,
                            0.04064284865588647,
                            0.014557623337809246,
                            0.04064284865588647,
                        ]
                    )
                case 12:
                    return np.array(
                        [
                            [0.45707498597014773, 0.27146250701492614, 0.27146250701492614],
                            [0.7814843446812914, 0.10925782765935432, 0.10925782765935432],
                            [0.11977670268281382, 0.4401116486585931, 0.4401116486585931],
                            [0.02359249810891695, 0.4882037509455415, 0.4882037509455415],
                            [0.9507072731273287, 0.02464636343633564, 0.02464636343633564],
                            [0.27146250701492614, 0.27146250701492614, 0.45707498597014773],
                            [0.10925782765935432, 0.10925782765935432, 0.7814843446812914],
                            [0.4401116486585931, 0.4401116486585931, 0.11977670268281382],
                            [0.48820375094554147, 0.4882037509455415, 0.02359249810891695],
                            [0.02464636343633564, 0.02464636343633564, 0.9507072731273287],
                            [0.27146250701492614, 0.45707498597014773, 0.27146250701492614],
                            [0.10925782765935432, 0.7814843446812914, 0.10925782765935432],
                            [0.4401116486585931, 0.11977670268281382, 0.4401116486585931],
                            [0.48820375094554147, 0.02359249810891695, 0.4882037509455415],
                            [0.02464636343633564, 0.9507072731273287, 0.02464636343633564],
                            [0.628249751683556, 0.1162960196779266, 0.25545422863851736],
                            [0.85133779251024, 0.021382490256170623, 0.12727971723358936],
                            [0.6853101639063919, 0.023034156355267166, 0.29165567973834094],
                            [0.2554542286385173, 0.6282497516835561, 0.1162960196779266],
                            [0.12727971723358933, 0.85133779251024, 0.021382490256170623],
                            [0.29165567973834094, 0.6853101639063919, 0.023034156355267166],
                            [0.11629601967792658, 0.25545422863851736, 0.6282497516835561],
                            [0.021382490256170672, 0.12727971723358936, 0.85133779251024],
                            [0.023034156355267177, 0.29165567973834094, 0.6853101639063919],
                            [0.628249751683556, 0.25545422863851736, 0.1162960196779266],
                            [0.85133779251024, 0.12727971723358936, 0.021382490256170623],
                            [0.6853101639063919, 0.29165567973834094, 0.023034156355267166],
                            [0.11629601967792658, 0.6282497516835561, 0.25545422863851736],
                            [0.021382490256170672, 0.85133779251024, 0.12727971723358936],
                            [0.023034156355267177, 0.6853101639063919, 0.29165567973834094],
                            [0.2554542286385173, 0.1162960196779266, 0.6282497516835561],
                            [0.12727971723358933, 0.021382490256170623, 0.85133779251024],
                            [0.29165567973834094, 0.023034156355267166, 0.6853101639063919],
                        ]
                    ), np.array(
                        [
                            0.06254121319590276,
                            0.02848605206887755,
                            0.04991833492806095,
                            0.024266838081452035,
                            0.007931642509973639,
                            0.06254121319590276,
                            0.02848605206887755,
                            0.04991833492806095,
                            0.024266838081452035,
                            0.007931642509973639,
                            0.06254121319590276,
                            0.02848605206887755,
                            0.04991833492806095,
                            0.024266838081452035,
                            0.007931642509973639,
                            0.04322736365941421,
                            0.015083677576511441,
                            0.02178358503860756,
                            0.04322736365941421,
                            0.015083677576511441,
                            0.02178358503860756,
                            0.04322736365941421,
                            0.015083677576511441,
                            0.02178358503860756,
                            0.04322736365941421,
                            0.015083677576511441,
                            0.02178358503860756,
                            0.04322736365941421,
                            0.015083677576511441,
                            0.02178358503860756,
                            0.04322736365941421,
                            0.015083677576511441,
                            0.02178358503860756,
                        ]
                    )
                case 13:
                    return np.array(
                        [
                            [0.33333333333333337, 0.3333333333333333, 0.3333333333333333],
                            [0.007728210517907841, 0.4961358947410461, 0.4961358947410461],
                            [0.06078262069301621, 0.4696086896534919, 0.4696086896534919],
                            [0.5377794301018355, 0.23111028494908226, 0.23111028494908226],
                            [0.17104485944189085, 0.4144775702790546, 0.4144775702790546],
                            [0.7728801748557335, 0.11355991257213327, 0.11355991257213327],
                            [0.950208137017567, 0.024895931491216494, 0.024895931491216494],
                            [0.49613589474104614, 0.4961358947410461, 0.007728210517907841],
                            [0.4696086896534919, 0.4696086896534919, 0.06078262069301621],
                            [0.23111028494908226, 0.23111028494908226, 0.5377794301018355],
                            [0.41447757027905463, 0.4144775702790546, 0.17104485944189085],
                            [0.11355991257213327, 0.11355991257213327, 0.7728801748557335],
                            [0.024895931491216494, 0.024895931491216494, 0.950208137017567],
                            [0.49613589474104614, 0.007728210517907841, 0.4961358947410461],
                            [0.4696086896534919, 0.06078262069301621, 0.4696086896534919],
                            [0.23111028494908226, 0.5377794301018355, 0.23111028494908226],
                            [0.41447757027905463, 0.17104485944189085, 0.4144775702790546],
                            [0.11355991257213327, 0.7728801748557335, 0.11355991257213327],
                            [0.024895931491216494, 0.950208137017567, 0.024895931491216494],
                            [0.6889333070396046, 0.01898800438375904, 0.2920786885766364],
                            [0.6355187156236324, 0.09773603106601653, 0.26674525331035115],
                            [0.8512338800096335, 0.021966344206529244, 0.1267997757838373],
                            [0.2920786885766363, 0.6889333070396046, 0.01898800438375904],
                            [0.26674525331035115, 0.6355187156236324, 0.09773603106601653],
                            [0.12679977578383728, 0.8512338800096335, 0.021966344206529244],
                            [0.018988004383758916, 0.2920786885766364, 0.6889333070396046],
                            [0.09773603106601647, 0.26674525331035115, 0.6355187156236324],
                            [0.02196634420652921, 0.1267997757838373, 0.8512338800096335],
                            [0.6889333070396046, 0.2920786885766364, 0.01898800438375904],
                            [0.6355187156236324, 0.26674525331035115, 0.09773603106601653],
                            [0.8512338800096335, 0.1267997757838373, 0.021966344206529244],
                            [0.018988004383758916, 0.6889333070396046, 0.2920786885766364],
                            [0.09773603106601647, 0.6355187156236324, 0.26674525331035115],
                            [0.02196634420652921, 0.8512338800096335, 0.1267997757838373],
                            [0.2920786885766363, 0.01898800438375904, 0.6889333070396046],
                            [0.26674525331035115, 0.09773603106601653, 0.6355187156236324],
                            [0.12679977578383728, 0.021966344206529244, 0.8512338800096335],
                        ]
                    ), np.array(
                        [
                            0.05162264666429082,
                            0.009941476361072588,
                            0.03278124160372298,
                            0.04606240959277825,
                            0.0469470955421552,
                            0.030903097975759793,
                            0.008029399795258423,
                            0.009941476361072588,
                            0.03278124160372298,
                            0.04606240959277825,
                            0.0469470955421552,
                            0.030903097975759793,
                            0.008029399795258423,
                            0.009941476361072588,
                            0.03278124160372298,
                            0.04606240959277825,
                            0.0469470955421552,
                            0.030903097975759793,
                            0.008029399795258423,
                            0.01812549864620088,
                            0.037211960457261536,
                            0.015393072683782177,
                            0.01812549864620088,
                            0.037211960457261536,
                            0.015393072683782177,
                            0.01812549864620088,
                            0.037211960457261536,
                            0.015393072683782177,
                            0.01812549864620088,
                            0.037211960457261536,
                            0.015393072683782177,
                            0.01812549864620088,
                            0.037211960457261536,
                            0.015393072683782177,
                            0.01812549864620088,
                            0.037211960457261536,
                            0.015393072683782177,
                        ]
                    )
                case 14:
                    return np.array(
                        [
                            [0.16471056131909212, 0.41764471934045394, 0.41764471934045394],
                            [0.8764002338182546, 0.0617998830908727, 0.0617998830908727],
                            [0.4530449433823226, 0.2734775283088387, 0.2734775283088387],
                            [0.645588935174913, 0.1772055324125435, 0.1772055324125435],
                            [0.9612180775025978, 0.0193909612487011, 0.0193909612487011],
                            [0.022072179275642756, 0.4889639103621786, 0.4889639103621786],
                            [0.417644719340454, 0.41764471934045394, 0.16471056131909212],
                            [0.0617998830908727, 0.0617998830908727, 0.8764002338182546],
                            [0.27347752830883865, 0.2734775283088387, 0.4530449433823226],
                            [0.17720553241254344, 0.1772055324125435, 0.645588935174913],
                            [0.0193909612487011, 0.0193909612487011, 0.9612180775025978],
                            [0.48896391036217857, 0.4889639103621786, 0.022072179275642756],
                            [0.417644719340454, 0.16471056131909212, 0.41764471934045394],
                            [0.0617998830908727, 0.8764002338182546, 0.0617998830908727],
                            [0.27347752830883865, 0.4530449433823226, 0.2734775283088387],
                            [0.17720553241254344, 0.645588935174913, 0.1772055324125435],
                            [0.0193909612487011, 0.9612180775025978, 0.0193909612487011],
                            [0.48896391036217857, 0.022072179275642756, 0.4889639103621786],
                            [0.6869801678080878, 0.014646950055654471, 0.29837288213625773],
                            [0.5702222908466832, 0.09291624935697185, 0.336861459796345],
                            [0.7706085547749965, 0.05712475740364799, 0.17226668782135557],
                            [0.8797571713701711, 0.001268330932872076, 0.11897449769695682],
                            [0.2983728821362578, 0.6869801678080878, 0.014646950055654471],
                            [0.33686145979634496, 0.5702222908466832, 0.09291624935697185],
                            [0.17226668782135557, 0.7706085547749965, 0.05712475740364799],
                            [0.11897449769695678, 0.8797571713701712, 0.001268330932872076],
                            [0.014646950055654528, 0.29837288213625773, 0.6869801678080878],
                            [0.09291624935697174, 0.336861459796345, 0.5702222908466832],
                            [0.057124757403647974, 0.17226668782135557, 0.7706085547749965],
                            [0.0012683309328720416, 0.11897449769695682, 0.8797571713701712],
                            [0.6869801678080878, 0.29837288213625773, 0.014646950055654471],
                            [0.5702222908466832, 0.336861459796345, 0.09291624935697185],
                            [0.7706085547749965, 0.17226668782135557, 0.05712475740364799],
                            [0.8797571713701711, 0.11897449769695682, 0.001268330932872076],
                            [0.014646950055654528, 0.6869801678080878, 0.29837288213625773],
                            [0.09291624935697174, 0.5702222908466832, 0.336861459796345],
                            [0.057124757403647974, 0.7706085547749965, 0.17226668782135557],
                            [0.0012683309328720416, 0.8797571713701712, 0.11897449769695682],
                            [0.2983728821362578, 0.014646950055654471, 0.6869801678080878],
                            [0.33686145979634496, 0.09291624935697185, 0.5702222908466832],
                            [0.17226668782135557, 0.05712475740364799, 0.7706085547749965],
                            [0.11897449769695678, 0.001268330932872076, 0.8797571713701712],
                        ]
                    ), np.array(
                        [
                            0.032788353544125355,
                            0.014433699669776668,
                            0.051774104507291585,
                            0.04216258873699302,
                            0.004923403602400082,
                            0.021883581369428893,
                            0.032788353544125355,
                            0.014433699669776668,
                            0.051774104507291585,
                            0.04216258873699302,
                            0.004923403602400082,
                            0.021883581369428893,
                            0.032788353544125355,
                            0.014433699669776668,
                            0.051774104507291585,
                            0.04216258873699302,
                            0.004923403602400082,
                            0.021883581369428893,
                            0.014436308113533842,
                            0.038571510787060684,
                            0.024665753212563677,
                            0.005010228838500672,
                            0.014436308113533842,
                            0.038571510787060684,
                            0.024665753212563677,
                            0.005010228838500672,
                            0.014436308113533842,
                            0.038571510787060684,
                            0.024665753212563677,
                            0.005010228838500672,
                            0.014436308113533842,
                            0.038571510787060684,
                            0.024665753212563677,
                            0.005010228838500672,
                            0.014436308113533842,
                            0.038571510787060684,
                            0.024665753212563677,
                            0.005010228838500672,
                            0.014436308113533842,
                            0.038571510787060684,
                            0.024665753212563677,
                            0.005010228838500672,
                        ]
                    )
                case 15:
                    return np.array(
                        [
                            [0.33333333333333337, 0.3333333333333333, 0.3333333333333333],
                            [0.7400435401338442, 0.1299782299330779, 0.1299782299330779],
                            [0.07984610140588055, 0.4600769492970597, 0.4600769492970597],
                            [0.016628366739405598, 0.4916858166302972, 0.4916858166302972],
                            [0.5569353184097159, 0.22153234079514206, 0.22153234079514206],
                            [0.20613252518187886, 0.39693373740906057, 0.39693373740906057],
                            [0.8873161646077996, 0.0563419176961002, 0.0563419176961002],
                            [0.12997822993307784, 0.1299782299330779, 0.7400435401338442],
                            [0.4600769492970598, 0.4600769492970597, 0.07984610140588055],
